00604972073|04427139102|04427208390|04427138993
03268297354|03268297389|03268297375|04563928037|03268297353
03268297353|03268297377|03268297349
03268297348|04711047089|04711046987|01073590984
03268297349|04564028192|04564028191|01077129307
03268297347|01077128981|03268297345|01073590912|04711046987
03268297344|03268297345|01073590866|01073591012
03268297345|04711046987|01077129295
03268297374|03268297377|03268297375|01073590981
03268297375|03268297376
03268297361|01073590912|01077129295|04563928020
03268297389|03268297379|04564028199
03268297386|03268297381|01073637738|01077128753
03268297385|04564028201|04564028199|03268297381
03268297381|03268297379
03268297379|03268297394
03268297376|04711046965
03268297377|01077129307
03268297398|01073637770|04711047090|01073591033
03268297396|03455058140|01073637902|01073590879|03268297395
03268297394|04564028190|01077128753
03268297395|01073637717|01073637962
03268297293|03268297283|03268297298
03268297282|04563927938|03268295129|03268297283
03268297310|01073764999|01073590869
03268297307|03268297303|03268297300
03268297300|03268297298
03268297298|01077129044
03268297326|03268297317|04563927993|01030080731
03268297322|01073764999|01030080731
03268297319|03268297317
03268297317|01073764999
03268297342|01073591012|01030080807
03268297261|03268297264|03268295152|03268295123
03268297272|01077129044
03268297268|03268297266|03268295158|01077129193
03268297266|03268297264
01387287007|04791932047|01387286908
01387286980|04366481480|04366486732|04366425601
03015848037|03015847913|03015847376|03015877877
01387286908|04556405058|04366496304|04791932185
04563768420|04563768441|04563768471|04711047100
04563768421|04563768422|04563713497
04563768423|04711047098|04563713333|04563713363
04563768425|04563768437|04711047099
04563768426|04563713497|04563713335
04563768437|04563713335|04711047099
04563768438|04563768447|04563768450|04563713388|04563768991
04563768444|04563768445|04711046974|04563713382
04563768445|04711047101|04563768440|04563768447
04563768447|04563768992
04563768440|04563713491
04563768441|04563713367
04563768455|04563768470|04563769109|01077445027
04563768449|04563768466|04563768463|04563768450
04563768450|04563768470|04563768468
04563768460|04711046976|04563768457
04563768463|04563768464|04563768477
04563768457|04711047104
04563768468|01077128850|04563768990
04563768469|04563768484|04711046976
04563768470|04711047103|04711047104
04563768471|04711047101|04563713491
04563768464|01077128818|04563768476
04563768466|01077129302|04563713388
04563768476|04563768474|04563768480
04563768477|04563768472|04563768488
04563768472|04563768474|04563768486
04563768474|04711046973
04563768484|04711046973|04563768486
04563768486|04563768487
04563768487|04563768488|04711046976
04563768480|04711046973|04563768483
04563768483|04563834616
04563768488|04563768989
04791933295|04366426423
04563834319|04563834381|01077444819
04563834318|04563834462|04563834331|04563834440
04563834326|04563834343|04563834338|04563769131
04563834322|04563834321|04563834381|01077444929
04563834321|04563834449|04563834389
04563834335|04563834337|04563834334|04563834341
04563834334|04563834337
04563834331|04563834341|04563834338
04563834343|04563834342|04563834339
04563834342|04563834341|04563834339|04563834338
04563834341|04563834340
04563834340|04563834367|04563834362
04563834339|04563834337
04563834367|04711047165|04563834368
04563834362|04563834462|04563834449
04563834368|01077444793
04563834381|04563834390
04563834391|04563834399|04728177459|04563834403
04563834390|01077444929|04563834388
04563834389|01077444929|01077444793
04563834388|04563834398
04563834399|04563769110
04563834398|04563834414|01077445031
04563834403|04711047168|04711047165
04563834414|04711047166|04563834412
04563834412|04711047167|04563834408|01077444828
04563834408|01077445031|01077444793
04563834417|04563834416|04728177460|04711047166
04563834416|04728177460|04711047166
04563834439|01077444819|01413081909|04563834440
04563834441|04563834462|04563834458|04563834440
04563834449|04563834448
04563834448|04563834458
04563834468|03794781985|03794781985
04563768989|04563768990
04563768990|04711047104
04563768991|04563768992|04711047103
04563768996|04563768998|01077129078|01077128921
04563768998|04563769021|04563769006
04563768992|04711047102
04563768993|04563769037|04563769030|04563769025
04563768994|04563768995|01077129078|01077129342
04563768995|01077129237|01077129162
04563769005|04563769056|04711046977|04563769006
04563769006|04563769053
04563769020|04563769021|04563769030|04563769053
04563769021|04563769025
04563769019|04563769056|04563769038
04563769029|04711046977|04563769062|04563769031
04563769030|04563769054
04563769031|04563769037|04563769054
04563769025|01077129162
04563769037|01077128784
04563769038|04711046977|04563769059
04563769053|04563769048
04563769054|04563769048
04563769055|04563769064|04563769063|01077128784
04563769048|04711046977
04563769062|04563769059|04563769064
04563769063|04563769064|04563769059
04563834607|04563769068|00339413455|01077445043
04563769068|04563769109|04563769073
04563769069|04563769073|04563769065
04563834605|04563769110|04563834603
04563834603|04563769111
04563769065|00339413455|01073591005
04563834615|04563834616|04563834613
04563834613|04563834611
04563834611|04563834609
04563769073|04563834609
04563834620|04711046982|03232210338|03232210336
04563834619|01073637901|04563834624|04563834631
04563834631|01073637762|04563834629|04563834630
04563834630|01073637972|03232210339
04563834629|01073637836|01030080635|01030080729
04563834624|04711046982|01073637714
04563834639|01030080776|01030080667|04563834640|01073637785
04563769109|04563769115|04563769111|01077445043
04563769110|04563769120
04563769111|04711047106|04563769131
04563834640|01030080767|01030080716|01030080637
04563769116|04563769120|04563769117|04563769115|04563769117|04563769115|04563769120
04563769117|04563769120|04563769115
04563769131|04711047106|01077445043
01030109721|04564472691|01413081875|04564472730
04366402500|04366425417|04366400388
03268232540|03226017838|03226017779|03455058147|03226017778
03268232537|03268232536|03225988799|03225988842
03268232536|04563881658|01073764913|01073637766
03268232539|01073637970|01073637882|01073637880|03219351759
03268232535|04711046984|01073764870|03225988794|01073637848
03268232545|01073590872|04564028282|01934225359
03268232546|01934225359|01073590895|01030080794
04791932316|04791932249|04791932283|04425237728
04791932314|04791932267|04791932249|04791932264
04791932312|04791932311|04791932267|04791932273
04791932310|04791932311|04791932277
04791932311|04791932278
04791932306|04791932396|04791932304|04791932327
04791932307|04791932326|01922217945|04791932259|04791932277
04791932304|04791932322|04791932323|04791932303
04791932302|04791932262|04791932260|04791932293
04791932303|04791932262|04791932295|04791932397
04791932294|04791932397|04791932293|04791932262|04791932257
04791932295|04791932323|04791932260
04791932293|04791932255
04791932290|04791932287|04791932286|04791932287
04791932326|04791932395
04791932327|04791932395|04791932393
04791932322|04791932396|04791932397|04791932321
04791932321|01922217945|04791932258|04791932259
04791932370|04791931997|04791932219|04791932060
04791932366|04791932005|04791932365|04791932046
04791932365|04791931994|04791932059|04791932060
04791932396|04791932395|04791932259
04791932397|04791932258
04791932395|04791932393
04791932393|04791932175
04791932187|04791932219|04791932176
04791932185|04791932179|04791932242
04791932179|04791932176
04791932176|04791932175
04791932175|04791932219
04791932223|04791932235|04791932221|04791932226
04791932220|04791932224|04791932226|04791932221
04791932221|04791932248
04791932255|01922217927|04791932256
04791932251|04791932281|04791932256|04791932263|01922217927
04791932248|01456255230|04791932224
04791932249|04791932281
04791932245|04791932231|04791932230
04791932242|04791932230|01456255268
04791932235|04791932231|04791932227
04791932233|04791932227|01456255251|01456255248
04791932230|04791932228
04791932231|04791932228
04791932228|01456255248|04791932227
04791932226|04791932227|01456255251
04791932224|01456255251
04791932286|01456255268|04791932283
04791932287|01922217927
04791932282|04791932281|01922217927|04791932283
04791932280|04791932273|04791932264|04791932267
04791932281|04791932264
04791932278|01922217945|04791932277|04791932273
04366503087|04366507276|04366507690|04366507643
04366503085|04366506552|04366506550|04366507276
04791932264|04791932263
04791932262|04791932260
04791932263|04791932257|01922217999
04791932258|01922217999|04791932257
04791932256|04791932257
04791932060|04791931995|04791931997
04791932059|04791932055|04791932032
04791932055|04791932051
04791932051|04791932047
04791932046|04791932045|04791932032
04791932047|04791931994
04791932045|04791932032
04791932072|04426027105|04426027109|04426027104
04791931997|04791932005|04791932001
04791931994|04791931995
04791932005|04791932001
03622591997|04366426440|04366496337
04791932573|04791932525|04791932533
04791932566|04791932420|04791932563|04791932535
04791932562|04791932563|04556405058
04791932586|04791932585|04556405058
04791932584|04791932585|04791932533
04791932420|04791932525
04791932536|04791932535
04791932533|04791932531
01073591056|04564448547|04564028226|02271227562|01073590836
01073591058|04564028251|01073637782|01073590844
01073591042|01030080730|01030080807|01030080792
01073591038|01030080663|01073637982|01073591010|01073590832
01073591033|01073637936|01073591003|01073590941
01073591018|01073590991|04564028270|01030080691
01073591012|01073637889|01077129295
01073591015|01030080662|01073590845|01073590989|01077128971
01073591009|01073590908|01030080669|01073591006|01030080637
01073591010|01073637936|01030080811|01073590844
01073591005|01073637779|01073590847
01073591006|01073590884|01030080627
01073591003|01073590836|01073637751|01073637770
01073590993|04563928020|01073590981|01073590912
01073590989|04563927998|01073590839
01073590991|04564028237
01073590984|01073590941|01073590866
01073590981|04563928029|04711046965
01073590966|01030080643|01073590919|01073590931|01073590874
01073590960|01077208034|01073637889|01073590832
01073590956|01030080619|01073590879|01073637902|01073637932
01073590955|03455058148|03165740529|01030080792|01073590874
01073590941|01073637982|04711047089
01073590942|01073590845|01073590919|01073590931
01073590939|01030080741|01073590872
01073590933|01030080738|04564028272|01073590884
01073590931|01030080591|01077128971
01073590916|01073637962|01073764911|01073590857
01073590919|01073590859
01073590912|01077129307
01073590908|03455058139|01073590884|01030080746
01073590892|01073590869|01073590839
01073590895|01073637727|01073637855|01073590872
01073590889|01073590866|01073590832|01073637982|01073637889
01073590884|01073637872
01073590887|01030080792|03165740519
01073590879|01030080708
01073590872|01073637864
01073590874|01030080799|01073590859
01073590869|01077129193
01073590866|04711046987
01073590857|01073637890|01073637717|01030080593
01073590859|03455058148
01073590845|01073590839
01073590844|01030080593|01073637751
01073590847|01073637807|01073590842
01073590842|01073637950|01030080772|01073637855
01073590836|01073637782|01073637946
01073590832|01030080619
04564524661|04564524662|04564524673
04564524662|04564524763|04564524755
04564524654|04564524673|04728136876|04728136877
04564524691|04564524692|03165517935|04564524686
04564524692|04728136873
04564524693|04564524698|04564524697|03165517958
04564524695|03165517924|03165517947
04564524696|04564524697|04564524698|03165517926
04564524697|03165517947
04564524698|03165517935
04564524699|04564524701|03165517966|01388331083
04564524673|04728136878
04564524676|03165517961|04728136878
04564524677|04728136873|04564524686|01388331079
04564524686|04728136873
04564524722|04564524744|04728136879
04564524728|04564524754|04728136879
04564524729|04564524770|04728136879
04564524710|04564524743|04564524754
04564524717|01388331075|04564524743
04564524754|04564524858
04564524755|04564524770|03165517966
04564524759|04728136821|04728136822|04564524779|04728136880
04564524763|04728136880|04564524768
04564524737|04564524748|04728136879
04564524743|04564524744
04564524744|04564524748
04564524784|04564524803|04564524807|04728136833
04564524785|04728136835|04564524804
04564524788|04728136827|04564524823
04564524789|04564524791|04564524793|04564524771
04564524791|04728136835
04564524792|04564524805|04564524793
04564524793|01388347874
04564524798|04564524827|04564524828|04728136827
04564524768|04728136881|04564524771
04564524769|04564524779|04564524771|04728136881
04564524770|04728136880
04564524816|04564524812|04728136825
04564524820|04728136829|04564524815|04564524822
04564524821|04728136829|04564524823|04728136826
04564524822|04728136828|04564524824
04564524823|04728136828
04564524824|04728136827|04564524828
04564524827|04564524833|04564524832
04564524828|04564524832
04564524829|04564524835|04564524831|04564524832
04564524831|04564524836
04564524803|04728136834|04564524805
04564524804|04728136834|04728136821
04564524805|04728136835
04564524807|04728136832|04564524814
04564524809|04728136822|04728136832|04728136824|04728136821
04564524812|04728136823
04564524814|04728136831|04564524815
04564524815|04728136830
04564524853|04564524841|04736266126
04564524856|04736265820|04565303893
04564524857|04565303894|04564524858|04736266121
04564524858|04565303903
04564524861|04736266124|04565303896|04736266128|03167961379
04564524833|04564524835
04564524835|04564524836
04564524841|04565303897|04736266131
04564524842|03167961379|03167961395|03167961392
04563927340|04563927351|04563927349
04563927328|04563927345|03226017792
04563927331|04563927349|04563927330|04563927345
04563927330|04563927348|04563927347
04563927345|04563927346
04563927347|04563927350|04563927346
04563927349|04563927348
04563927348|04563927350
04563927351|04563927350
04563927375|04563927379|04563927377
04563927374|04563927386|04563927386|04563927377
04563927363|04563927364|01077129211|03226017798
04563927362|03232210323|03232210304|03226017798
04563927365|01077129311|04563927364|03232210308
04563927364|03232210305
04563927367|04563927938|04427138779|03268295134
04563927366|03226017794|01077129311|03232210311
04563927377|04563927378|04563927378
04563927379|04563927378|04563927378|04563927938
04565303903|04736266121|04736265820
04565303896|04736266129|04565303894
04565303897|03167961384|04565303895
04565303893|04736266122|04565303895
04565303894|04736266123
04565303895|04736266130
04565303924|04565303926|04565303925|04565303921
04565303925|04565303908|04736266131
04565303926|04736266127|04565303908
04565303920|04565303914|03167961395|03167961304
04565303921|04736266126|04736266131
04565303913|01413081744|04565303914|04736266127
04565303914|04736266125
04565303908|04565303906
04565303906|04736266128|04736266124
01388331073|01388331083|01388331043|01388331050|01388331075
01388331075|01388331064
01388331079|00339190371|04564509214
04564451995|04564452000|04564028203|04564451186
01388331083|01388331043
04564451999|04564452000|04711047170|04564028219
04564452024|04564452026|04564452009|04564452005
04564452026|04564452005|04564452014
04564452029|04564452038|04564452036
04564452030|04564452037|04564452038|04564452014
04564452000|04564452003
04564452003|04711047170
04564452005|04711047170
04564452009|04564452015|04564452010
04564452010|04564448567|04564028225
04564452015|04564452036|04564452047
04564452014|04564452047
04564452037|04564452038|04564452036
01388331043|01388331044
01388331044|01388331064|03165517963
01388331050|01388331064
01388331051|03165517242|03015666545|03165517219
01388331064|03165517958
01388331065|03165517955|03165517908|03165517963
04563927961|04563927967|04563927967
04563927967|03268295130|03268295129
04563927969|04563927968|03268295123|03268295131
04563927968|03268295143|03268295149
04563927993|01073764896|04563928027
04563927999|04563927998|01030080731
04563927998|01030080768
04563928003|04711047092|04564028226|01073637946
04563928027|04563928021|04563928018
04563928029|04563928020|04563928018
04563928021|04563928020|01073764852
04563928033|04563928035|04711046965
04563928035|04563928037
04563928037|04564028199
04564059645|04564059637|04564028539|04564447446
04564059644|04711047093|04564059680|04564060397
04564059637|04564447448|04564059654
04564059659|04564059660|04564059653|04711047157
04564059658|04564059657|04564059653|04564059656
04564059657|04711047157|04564059655
04564059656|04564059655|04564059652
04564059660|04711047095|04711047158|04564060396
04425421260|04728177608|04728177609|04425421270
04564059655|04564059654
04564059654|04564059652
04564059653|04564028521
04564059652|04564447448
04564059674|04564059677|01030080756|01030080710
04425421270|04728177623|04425421269
04425421269|04425421268|04728177629
04425421268|04425421267|04728177608
04425421267|01922217942|04728177630
04564059679|04564059678|04564060441|04711047094
04564059678|04564059666|04711047093
04564059677|04564059666|04564060441
04425421264|04728177608|04425421215|04425421221
04564059667|04564060390|04564060389|04564060466
04425421275|04425447008
04564059688|04564060389|04711047093|04564060390
04564059680|04564060426|04564060425
04564059687|04564431034|04564431050|04564060458
04425421198|04728177464|04728177610|04728177624
03015878038|04564060439|03015878039
04425421203|04425237556|04728177643|04728177642|04728177678
03015878039|01030080590
04425421215|04728177609|04728177608
04425421221|00604966728|00604966894
04425421220|04728177645|04425421069|04728177648
04425421069|04728177602|04728177677
04425421078|04425421081|04425447021|04425237746
04425421076|04425447019|04425421087|04425421081|04728177660
03015877911|03167961206
04425421087|04425446888|04425421088
04425421084|04425447048|04425447043|04425421081
04425421088|04425447015
03015877874|03015877872|03015877883
03015877872|03015877877
03015877877|03015877883
03794826630|03794803240
04366507242|04366507587|04366507273|04366507385
04366507241|04728507740|04366490244|04366490246
04564060397|04711047188|04564060391
04564060396|04711047095|04711047156
04564060391|04711047095|04564060410
04564060390|04711047095
04564060389|04711047094
04564060411|04564060412|04564060401|04711047189
04564060410|04711047188|04564060405
04564060415|04564060421|04564060406|01077444785
04564060414|04711047190|04564060412|04564060406
04564060413|04711047190|04564060420|04564060402
04564060412|04711047188
04564060402|04711047189|04564060419
04564060401|04564060405|04711047188
04564060406|04564060425
04564060405|04711047158
04564060427|04564060431|01077444955|04564060428
04564060426|04564060425|04564060428
04564060431|04711047160|04564060432
04564060429|01077444955|04564028507|04564060433
04564060428|04564060432
04564060419|04711047189|01077444813
04564060421|04564060420|04711047190
04564060420|01077444785
04564060443|04564431029|01030080756|04564431034|04564060454
04564060441|04564060454
04564060435|04711047160|04564060432|01030080712
04366507354|04366507304|04366490246|04366487159
04564060434|04711047160|01030080712|04711047159
04564060433|04711047159|01073637822
04564060439|04564060436
04564060438|01030080665|04564060437
04564060437|04564060436
04564060436|01030080712
04564060459|04564060461|04711047156|04564060455
04564060458|04564060465|04564060451
04564060461|04564060468|04564060472
04564060451|04564060454|04564060471
04564060450|04564060486|04564060514|04711047097
04564060448|04564060508|04564060512|04564060502
04564060455|04564060465|04564028514
04564060475|04564434112|04564028520
04564060472|04564060470|04564060465
04564060466|04564060468|04711047156
04366507385|04366507587|04366506550
04564060471|04564060470|04711047094
04564060470|04564060468
04366507389|04366492461|04366507304|04366506910
04564060491|04564060542|04564060492|04564060499
04564060488|04564060522|04564060513|04564060518
04564060493|04564060511|04564060496|04564060492
04564060483|04564449120|04564060556|04564060482
04564060482|04564060538|04564060526
04366507273|04366507690|04366506549
04564060486|04564449106|04564060518|04564449110
04366507276|04366507700
04564060485|04564060605|04564060556
04564060507|04711047097|04564060514|04564060502
04564060511|04564060509|04564060499
04564060509|04564060502|04564060500
04564060508|04564060531|04564060521
04564060499|04564060539
04564060496|04564060502|01030080756
04564060500|04564060539|04564060531
04564060522|04564060571|04564060521
04564060521|04564060513
04564060520|04564060573|04564060571|04564060518
04564060526|04711047096|04564060575|04564449110
04564060514|04564447450
04366507304|04366487159
04564060513|04564060512
04564060512|04711047097
04564060518|04711047097
04564060539|04564060540
04564060538|04564060566|04564060577
04564060542|04564060545|04564060541
04564060541|04564060540|04564060549
04564060540|04564060548
04564060531|04564060572
04564060556|04564060566
04564060545|04564060593|04564060549
04564060549|04564060570
04564060548|04564060574|04564060572
04564060571|04564060572
04564060570|04564060567|04564060566
04564060575|04564060577|04564060573
04564060574|04564060573|04564060567
04564060567|04564060577
04564060591|04564431082|04564060605
01413139850|01413081943
04564060605|04564060604
04564060604|04564060610|04564060610
04564060593|04564060610
04564060611|04564431047|04564028520|04564028514
04564060614|04564431037|04564434142|04564431070|04564431062
01073764845|01073764886|01073764858
01073764846|01030080821|01030080742|01073637948
01073764847|01030080754|01073764953|01073764987|01073764886
01073764851|01073764907|03225988798|01073764873
01073764852|01073764896|01077129254|01030080662
01073764858|01073637797
01073764865|03225988827|03225988823|03226017652
04366507587|04366507690
01073764870|04711047195|03226017599|01073637819
01073764873|03225988802|01073637703
01073764882|04563881658|01073637722|01073637821|01073637766
01073764886|04564028279
01073764896|01030080768
01073764903|03226017599|01030080664|01077129311|03225988794
01073764907|01073764955|04711046984|01073637788
01073764911|01073637890
01073764913|03225988806
04366507642|04366490253|04366481509|04366480839
04366507643|04366507645|04366506549
04366507646|04366480921|04366480922
04366507645|04366507700|04366480920
01073764929|01077444956|01077129326|01073637885|01077129071
01073764933|01073764989|03226017631|01077129415
01073764939|01073764951|01073764955|01073637749|03225988803
01073764951|04711046983|01073637933
01073764953|01073764979
01073764955|01073637722|03225988802
01073764976|01073637968|03226017794|03226017793|03455058141
01073764979|01073637767
01073764987|01030080590|02127761728
01073764989|03226017652|01077128938|03225988807
01073765000|03226017835|03226017651|03225988825|03226017647
04366507651|04366507654|04556405219|04366490312
04366507654|04366507655|04366507702
04366507655|04366507657
04366507652|04366486944|04366426558
04366507658|04366507673|04366507657|04366486949|04366490845
04366507663|04366507680|04366486950|04366486957
04366507666|04366507669|04366507664|04366491176
04366507667|04366486337|04366507685|04366486959|04366486954
04366507664|04366496554
04366507669|04366507678
04366507674|04366507682|04366426750|04366480788
04366507672|04366507688|04366486959|04366507680
04366507673|04366486950|04366507687
04366507678|04366508291|04366507681
04366507676|04366507685|04366507682|04366486954
04366507682|04366508193
04366507680|04366508190
04366507681|04366508028|04366508289
04366507687|04366508105|04366508195
04366507685|04366508113|04366508104
04366507688|04366508104|04366508111
04366507702|04366490631|04366426427
04366507700|04366480918
04564028190|01077128753|04564028191
04564028191|01077128789
04564028201|04564028203|04564028211
04564028204|04564451184|01077129191|01073637738
04564028192|01077129139|01077128981
04564028219|04564028250|04564451186
04564028211|04564451185|01073637738
04564028236|04564028226|04564028225|04711047092
04564028237|04564028238
04564028238|04564028240
04564028225|04564028250
04564028250|04711047092
04564028251|01030080770
04564028240|04564028241
04564028241|04564028264
04564028264|04564028261
04564028270|04564028272
04564028261|04711046988
04564028282|01030080628|01073637820
04564028283|01077128795|04564028489|01073637981
04564028284|04564028489|01077129326|01077445007
04564028279|01073637921|01030080780
04564028288|04564028505|01077128875|01077444981
04366508003|04366508056|04366508115|04366508105
04366508007|04366508110|04366508026|04366508020
04366508004|04366508054|04366508019
04366508008|04366508116|04366508026|04366487095|04366486968
04366508019|04366508060|04366508121
04366508020|04366508038|04366508110
04366508026|04366508038
04366508031|04366508115|04366508047
04366508028|04366508289|04366508047
03015847878|03165517462|03165517496|04564509312
03794796036|03794781985|03794786075
04564028489|04564028490
04564028490|04564028491|04564028492
04564028491|01077129355|01077128795
04564028492|04564028493|01077445007
04564028493|04564028496|01077129355
04564028494|04564028496|04564028495|04564028503
04564028495|04564028496|01077445007
04564028504|04564028505|04564028503|01077128875|04564028500
04564028505|04564028506
04564028506|04564028507|04564028501
04564028507|01077444981
04564028497|04564028501|01077128795|04564028499
04564028499|01077129355|04564028500
04564028500|04564028501
04564028503|01077128760
04564028520|04564028514|04564028521
04564028521|04711047156
04564028522|04564028527|04711047157|01077444988
04564028525|04564028537|04564028527|04564028526
04564028526|04564028537|04564028542
04564028527|04564028542
04564028514|04564431048
04564028539|04564028542|01077444988
01934225359|01030080723
01934225378|01073637901|01030080772|01073637836
01934225382|01073637901|01073637737|01073637929|01073637807
00339413455|04563881920|01077445043
03015847410|04728136820|03165517240|03165517493|04564509314
03015847303|03015847305|03015847311
03015847311|03165517496
04366506550|04366506552
04366506553|04728507739|04366482083|04728507741
04366506910|04366480839
04564431020|04564434030|04564434029
04564431038|04564431033|04564431072|04564431041|04564431071
04564431037|04564431069|04564431071|04564431063
04564431034|04564431046
04564431033|04564431073|04564431069
04564431029|04564431055|04564431065
04564431027|04564434063|01413082229|04564434065
04564431054|04564431055|04564431058|04564431052
04564431055|04564431059|04564431053
04564431052|04564431053|04564431047
04564431053|04564431046
04564431050|04564431051|04564431048
04564431051|04564431049|04564431046
04564431048|04564431049
04564431049|04564431047
04564431045|04564433995|04564431082|04564434004
04564431040|04564434004|04564434002|04564433997
04564431041|04711047148|04564434004|04564433997
04564431070|04564431071|04564431072
04564431069|04564431065
04564431065|04564431063
04564431062|04564431063|04564431060
04564431063|04564431061
04564431060|04564431061|04564431058
04564431061|04564431059
04564431058|04564434136|04564431059
04564431086|04564433995|04564434016|04564434007
04564431085|04564433995|04564431082
04564431072|04711047148
03794781051|03794781985|03794785079
01077208034|01073637932|01030080730|01030080619
04366508104|04366508126
04366508105|04366491176
04366508111|04366508190|04366508127|04366508124
04366508115|04366508291
04366508113|04366508193|04366508121
04366508116|04366508058|04366508289
04366508121|04366508126
04366508126|04366508127
04366508127|04366508045
04366508124|04366508032|04366508195
04366508032|04366508056|04366508051
04366508038|04366508052
04366508046|04366508065|04366508053|04366487095
04366508047|04366508057
04366508045|04366508051|04366508484
04366508051|04366508056|04366508064
04366508054|04366508060|04366486969
04366508052|04366508485|04366487095
04366508053|04366508485|04366508063
04366508058|04366508057|04366508065
04366508063|04366508071|04366508067
04366508060|04366508484
04366508067|04366508073
04366508064|04366508484
04366508065|04366508071
04366508071|04366508073
04366508073|04366508494
04366508190|04366508195
04366508193|04366486969
04366508291|04366491176
02271227561|02271227562|04711046988|02271227564
02271227562|02271227564
02271227564|01073637782
02619389488|03226017676
00604966617|04427208447|04427208442|04427208470
00604966629|04427208486|04427208484|00604966673
00604966673|04425447027|04426027037
00604966728|04728177633|01922217942
03794880835|03794837957|03794803240
04564433996|04564434022|04711047146|04564434018
04564433997|04711047147
04564434012|04564434016|04564434010|04564434007
04564434010|04564434054|04564434023|04564434036
04564434006|04711047146|04564434005
04564434007|04564434005
04564434005|04564434002
04564434002|04711047147
04564434001|04711047146|04564434031|04564434120
04564434030|04564434063|04564434025
04564434031|04564434033|04564434036
04564434029|04564434025|04564434016
04564434025|04564434053
04564434022|04564434119|04564434017
04564434023|04564434053
04564434018|04564434017|04711047148
04564434017|04564434152
04564434047|04564434053|04564434049|04564434054
04564434043|04564434049|04564434054|04564434033
04564434036|04564434033
04564434063|04564434065
04564434048|04564434049|04563713319|01413082229
04564434066|04564434088|04564434080|01413081744
04564434065|04564434080
04564434090|04564434089|04564434084|04564434083
04564434088|04564434087|04564434086
04564434089|04564434086|04564434085
04564434086|04564434084
04564434087|04564434080|04564434085
04564434084|04564434082
04564434085|04564434083
04564434082|04564434081|04564434081
04564434083|04564434081
04564434111|04564434126|04564434113
04564434103|04564434123|04564434130|04711047151
04564434126|04711047152|04564434125
04564434125|04711047151|04564434123
04564434120|04564434148|04564434119
04564434119|04564434149
04564434112|04564434113|04711047150
04564434113|04711047150
04564434142|04564434146|04564434152
04564434143|04711047154|04564434133|04564434147
04564434136|04564434137|04564434144
04564434137|04564434145|04564434146
04564434134|04564434144|04564434128|04711047154|04564434132
04564434132|04711047149|04711047150
04564434133|04564434128|04564434131
04564434130|04711047151|04564434131
04564434131|04711047149
04564434128|04711047149
04564434152|04564434149
04564434148|04564434149|04564434147
04564434149|04711047153
04564434146|04711047153
04564434147|04711047153
04564434144|04564434145
04564434145|04711047154
04563713277|04563713276|04563713275|01413081875
04563713276|04563713278|04563713284
04563713278|04563713286|04563713275
04563713275|04563713315
04563713284|04563713306|04563713283
04563713287|04563713288|04563713305|04563713304
04563713286|04563713301|04563713280
04563713280|04563713282
04563713283|04563713304|04563713282
04563713282|04563713303
04563713289|04563713300|04563713302
04563713288|04563713300|04563713303
04563713301|04711047169|04563713302
04563713300|04711047169
04563713303|04711047169
04563713302|04711047169
04563713308|01077445050|04563713320
04563713305|04563713307|04563713306
04563713304|04563713307
04563713307|04563713306
04563713319|04563713329|01413081875
04563713315|04563713329|01077445027
04563713320|04563713329|01077445002
04563713333|04563713366|04563713490
04563713332|04563713496|04563713331
04563713335|04563713494
04563713331|04563713352|04563713358
04563713330|04563713358|01077445002|04563713351
04563713341|04563713343|04563713340|04711047187
04563713340|04563713352|04563713357
04563713343|04563713351|04563713346
04563713337|04711047186|01077444862|01077129362
04563713336|04711047186|01077129234|04563713496
04563713338|04711047187|01077445046|01077444862
04563713351|04563713360
04563713346|04563713357
04563713357|04563713358
04563713359|04711047187|01077444862|04563713372
04563713352|04563713372
04563713365|04563713373|04563713374|04563713490
04563713364|04711047184|04563713373|04563713363
04563713367|04711047100
04563713366|04711047098|04563713491|04711047100
04563713361|04711047184|01077129362|01077444966
04563713360|04711047187|01077445046
04563713363|04563713362
04563713362|04711047184|01077129234
04563713373|01077444966
04563713372|04563713371
04563713374|01077444866|04711047183
04563713369|04711046975|01077444903|04711047183
04563713368|04711046974|04563713489
04563713371|04711047186
04563713382|04563713388|04711046975
04563713387|04711046975|04711047183|04563713489
04563713495|04563713497|04563713496|04563713494
04563713494|04711047098|01077129234
04563713489|04563713490
03247271814|03247271789|03247271656|03247271789|03247271646
03247271789|03247271656|03247271646
04366480487|04366490244|04366424370|04366480045
04366480555|04366480564|04366480571|04366518226
04366480566|04366518230|04366480910|04366517997|04366480572
04366480564|04366480910|04366481436|04366518389
04366480565|04728507761|04366490253|04366487159
04366480571|04366425601|04556405082
04366480572|04366481480|04366480910
04366480725|04366496332|04366483903|04366496537
03794785079|03794803240|03794837957
04366480839|04366481509
04366480788|04366486954|04366486946
04366480910|04366518390
04366480918|04366496533
04366480922|04366480920
04366480921|04366482078|04366426096
04736265820|04736266121|04736266122
04736266124|04736266125|03167961392
04736266125|04736266127|03167961400
04736266126|04736266127
04736266121|04736266123
04736266122|04736266123|04736266130
04736266123|04736266129
04736266128|04736266129|03167961385
04736266129|04736266130
04736266130|03167961384
04736266131|03167961385
04556405205|04366480054|04366487157|04366480045
04556405201|04366480053|04366518111|04366518208
04556405202|04366480054|04366490234|04366480051
04556405215|04556405220|04366483927|04366486941
00339190371|03165517866|03165517884
00339190381|01388347855|04564472730|01388347874
04556405220|04556405219|04556405218
04556405218|04366426427|04728507738
04556405219|04366426427
04556405079|04366518202|04366518113
04556405087|04366518152|04366490427|04728507760
04556405080|04556405081|04366518207
04556405081|04366518209|04366518205
04556405082|04556405083|04366518229
04556405083|04366518397
04366480045|04366518095
04366480051|04366490235
04366480054|04366518149
04366480053|04728507759|04366518208|04366490427
01413082238|03711316475|01413081866
01413082205|01413082436|01413082436
04366482634|04366496330|04366496533|04366482640
04366482632|04728507738|04728507741|04366486731|04366490257
04366482633|04366482641|04728507736|04366483191
04366482640|04366482641|04728507735
04366482641|04366490256|04366483192
01413082467|04427139087|04427139108|04427208421
01413082436|03711316475
01413082548|04427208425|04427139086|04427208421
04366483191|04366483924|04366490630|04366483192
04366483192|04366483193
04366483193|04366483782
04174463891|04174463892|04174461183|04174463899|04174461186
04174463890|04174461183|04174461180
04174463893|04174463892|04174463897|04174461188
04174463892|04174461187|04174463898
04174463897|04174463898|04174461128
04174463899|04174463900|04174463898|04174461134
04174463898|04174461139
04174463901|04174463906|04174463908
04174463900|04174461180|04174461183|03167961269
04174463903|03167961269|04174463909|04174461180|04174461179
04174463906|03167961304|04174463909
04174463909|04174463910|04174463908
04174463908|04174461180
04174463911|04174461115|04174463910|04174461177|04174461115
04174463910|04174461114|04174461126
04366481480|04366481436|04366518231
04366481509|04366482036|04728507736
04366481436|04366425601
00604969158|04728177657|04728177658|04425237746
04728136848|04564472897|04564472880|04564472884
04728136849|01388347837|04564472896|04728136851
04728136850|04564472920|04564472919|04564472921|04728136855
04728136851|04564472903|04728136852|04564472921
04728136852|04564472902|04564472896|04564472919
04728136853|04728136854|04564472899|04564472898|04564472897
04728136854|04728136855|04564472918|04564472880
04728136855|04564472900|04564472894
04728136856|04564470870|04564470874|04728136818|04728136860
04728136857|04564472704|04564472709|04564470885
04728136858|04564470854|04564470885|04564472704|04564470871
04728136859|04564472721|04728136860|04564470874|04564472714
04728136860|04564472720|04728136861
04728136861|04564472715|04564472714|04728136862
04728136862|04564470854|04564470853|04564470869
04728136863|04728136864|01030111562|01030111578|01030111591
04728136832|04728136831|04728136833
04728136833|04728136834|04728136821
04728136834|04728136835
04728136836|04564504279|04564509210|04564504285|04728136838
04728136837|04564509210|04728136842|04728136838|04564509189
04728136838|04728136840|04728136839
04728136839|04564504279|04564504278|04564504277
04728136840|04728136841|04728136842|04564504278
04728136841|04564504280|04564509196|04564504283
04728136842|04564504286|04728136843
04728136843|04564509189|04564504288|04564509209
04728136844|04564509209|04564509208|04564504288|04728136845
04728136845|04564509207|04564509206|04564509199
04728136846|01030111562|04728136870|01030111587|03165517511
04728136847|04564472841|04564472838|04564472847|04564472828
04728136880|04728136881
04728136882|04564472896|04564472908|04564472902
04728136864|03165517524|03165517553|01030111589
04728136865|03165517197|04728136870|01030111572|01030111587
04728136866|04564509266|03165517197|03165517204
04728136867|04564509259|04728136820|01030111572|03165517196
04728136868|04728136870|04728136820|03165517487|01030111572
04728136869|04728136870|04564509244|03165517498|03165517511
04728136871|04728136872|03165517863|03165517872
04728136872|03165517879|03165517888
04728136874|04728136877|03165517932|04728136875|03165517953
04728136875|03165517932|04728136876|03165517928
04728136876|04728136877|03165517934
04728136877|04728136878
04728136878|03165517953
04728136818|04564472750|04564472730
04728136820|03165517240
04728136822|04728136823
04728136823|04728136824|04728136825
04728136824|04728136831|04728136826
04728136825|04728136826
04728136826|04728136830
04728136827|04728136828
04728136828|04728136829
04728136829|04728136830
04728136830|04728136831
04366482036|04728507735|04366490256
01413081744|01413081943
04366482078|04366483597
04366482083|04366490254|04366490257
00604969789|01884455709|01884455709
01413081866|04427139034|04427139023
04174461137|04174461138|04174461136|04174461142|04174461132
04174461136|04174461171|04174461135
04174461139|04174461134|04174461119|04174461138
04174461138|04174461128|04174461133
04427139045|04427139051|04427139052
04174461142|04174461171|04174461128|04174461146
04427139046|04711047112|04427139034
04563881985|04563882091|04563881956|04563882091
04174461147|04174461150|04174461151
04427139051|04427139056|04427139052
04174461146|04174461129|04174461170|04174461116
04427139052|04711047110
04174461151|04174461152|04174461150|04174461157
04174461150|04174461158
04427139056|04427138996|04427139059
04427139059|04427139058|04711047110
04427139058|04427139033
04174461124|04174461127|04174461132|04174461177
04427139060|04711047113|04427139032|04427139062
04174461127|03167961269|04174461133|04174461178
04427139063|04427139062|04427139003|04711047113
04174461126|04174461179|04174461178
04427139062|04427139064
04174461129|04174461130|04174461128
04427139065|04427139066|04427139064|04427139067
04427139064|04427139002
04427139067|04427139068|04427139069
04174461130|04174461119|04174461116
04427139066|04427139002|04427139068
04174461133|04174461134|04174461132
04427139069|04427139070|04427139071
04427139068|04427139021
04174461135|04174461155|04174461154
04427139071|04427139072|04427139077
04174461134|03167961269
04427139070|04427139073|04427139021
04427139009|04427139007|04427138993|04427138997
04174461169|04174461170|04174461172|04174461157|04174461116
04174461171|04174461170|04174461155
04174461170|04174461156
04427139010|04427139073|04427139007|04427139021|04427138997
04427139013|04427139017|04427139016|04427139015
04174461172|04174461158
04427139015|04427139014|04427139019
04427139014|04427139016|04427139018
04174461177|04174461178
04427139017|04427138996|04427138993
04427139016|04427139007
04174461179|03167961269|04174461178
04427139019|04427139018|04427139005
04427139018|04427139006
04427139023|04427139028|04427139025
04174461183|04174461186
04427139025|04427139027|04427139086
04174461153|04174461154|04174461152|04174461155
04174461152|04174461156
04427139024|04427139026|04711046964
04174461155|04174461156
04427139027|04427139028|04427139081
04427139026|04427139080|04427139029
04174461157|04174461158|04174461156
04427139029|04427139030|04711046966
04427139028|04427139077|04427139082
04427139030|04711046964|04427139082
04427139033|04427139039|04711047110|04711047113
04427139032|04427139039|04427139034|04711047112
04427139039|04711047111
04427139038|04711047111|04711047112
04427138991|04427138785|04427138785|04427138772|04427138769
04427138997|04427139095
04427139003|04427139006|04427139002
04427139005|04427139006
04174461115|04174461114
04174461114|03167961304
04563882091|04563881974
04174461119|03167961206
01077444793|01077444828
01077444785|01077444955
01077444828|04711047165|04711047168
01077444823|04711047160|04711047159|01077444955
01077444813|04711047158|01077444981|01077444988
01077444921|01030080730|01030080767
01077444903|01077128829|01077128833
04427138767|04711047178|04427138766
04427138766|04427138768|04427138776
01077444872|01077128921|01077129071|01073637778
04427138769|04711047182
04427138768|04427138777
04427138771|04427138778|04711047182
04427138772|04711047181|04427138781
04427138777|04427138780|04427138776
04427138776|04711047179
01077444866|01077444966|01077128829
04427138779|04711047178
04427138778|04711047177|04711047181
04427138781|04711047180|04711047178
04427138780|04711047179|04711047177
04427138783|04711047182|04427208515
01077444988|01077445046
01077444981|01077445046
01077444956|01073637778|02127761725
01077444929|01077445031
01077445050|04564447439|04564447446
01077445027|01077445002
04174461187|04174461188|04174461186
04366517997|04366518390|04366518391|04728507754
04425237696|04425447018|04728177604|04425237697|04728177663
04425237697|04425447016|04728177605
04425237702|04425237745|04728177674|04425237691
04425237703|04425237691|04425237710|04425237494
04425237701|04728177656|04425237726|04425237510
04425237707|04425237727|04728177654
04366518089|04366518190|04366517086|04366516586
04425237710|04425237709|04425237731
04366518094|04366517087|04366518190|04366517086
04366518095|04366517087|04366489712
04425237709|04728177653|04425237691
04425237714|04425237717|04425237721
04425237719|04425237723|04425237722
04425237716|04425237720|04425237727|04728177653
04425237717|04425237722
04425237722|04425237721
04425237723|04425237724|04425237720
04425237720|04425237721
04425237726|04425237724
04366518111|04366518195|04366518193
04425237727|04425237724
04425237731|04425237728|04425237728
04366518113|04366518132|04366518150
04425237738|04425237741|04425237531|04425237491
04425237742|04425237743|04425237741
04425237743|04728177651|04425237498
04425237740|04425237741|04728177631|04425237531
04425237746|04425237747
04425237747|04728177659
04425237744|04425237745|04728177654|04425237691
04425237745|04728177656
04366518132|04366518133|04366518202|04366518209
04366518133|04366518148|04366518215
04425237752|04728177630|04425237753|04728177635
04425237753|01922217942|04728177634
04564472689|04564472691|04564472690|04564470854
04564472691|04564472703
04564472703|04564470869
04425237690|04728177655|04728177657|04425237693
04425237694|04728177660|04728177661
04425237693|04728177674|04728177673
04564472721|04564472724|04564470884
04564472720|04564470870|04564472715
04366518208|04366489712
04366518209|04366518215
04366518215|04366518151
04564472724|04564470874|04564472726
04366518217|04728507751|04366490235|04728507750
04366518222|04366518148|04366518291|04366518150
04425237580|04425237581|04425237545
04425237581|04728177605
04366518226|04366518152|04366518389|04728507760
04564472704|04564470853
04366518230|04366518391|04366518231|04728507747
04564472709|04564472710|04564470884
04366518231|04728507746
04366518229|04366518397|04366425447
04564472710|04564472714|04564470853
04564472715|04564472716
04564472714|04564470884
04564472716|04564470869
04564472753|04564472867|04564472868
04564472750|04564472818|04564472867
04366518150|04366496304
04425237510|04728177657|04728177655
04425237511|04425237501|04425237509|01922217955
04366518151|04366518148
04425237508|04425237502|04425237502|04425237509
04425237509|04728177675
04366518149|04366487157|04366490234|04728507757
04425237518|04728177632|04425237497
04425237517|04425237497|04728177632|04728177631
04425237527|04728177463|04728177614
04425237531|04425237497
04425237538|04728177463|04425237544|04728177615
04564472819|04564472821|04564472821|04564472811
04564472818|04564472821|04564472853
04564472822|04564472825|04564472828
04564472825|04564472841
04564472824|04564472848|04564472847
04425237544|04425237550|04425237545
04425237545|04728177616
04366518190|04366518192
04425237550|04728177616|04728177615|04728177618
04564472828|04564472837
04366518195|04366518192|04366518193
04425237555|04728177677|04425237557
04366518192|04366516586
04366518193|04366516586
03794837957|03794864709
04366518196|04366518206|04366518206
04425237556|04728177461|04728177641|04425237557
04366518197|04366518202|04366518207
04425237557|04425237489
04366518202|04366518205
04564472811|04564472853|04564472849
04366518206|04366487155
04366518207|04366518205
04564472849|04564472848|04564472841
04564472848|04564472853
04564472837|04564472847|04564472838
04564472881|04564472883|04564472880|04564472884
04564472880|04564472883
04564472883|04564472894
03165517966|03165517963
03165517961|03165517955|03165517953
04564472884|04564472877
04564472888|04564472894|04564472900|04564472870
03165517958|03165517935
03165517953|03165517942
04564472893|04564472899|04564472876
03165517955|03165517942
04425237491|04425237494|04425237498
04425237489|04728177461|04728177602
04425237494|04425237499
04564472868|01388347855
04564472870|04564472877|01388347890
04425237498|04425237500
04425237499|04425237500|04425237502
04564472877|04564472876
04564472876|04564472897
04425237500|04425237501
04425237501|04728177651
04564472917|04564472904|04564472899|04564472908
04564472919|04564472918
04564472918|04564472898
04564472921|04564472922
04564472920|04564472922|04564472900
04564472923|04564472931|01388347890|04564472930
04564472922|04564472903
04564472898|04564472904
04564472903|01388347837
04564472902|04564472904
04564472908|04564472943
04564472945|03165517473|03165517480
04564472949|03165517506|04564472943
04564472951|03165517508|01030111589|03165517495
04564472929|04564472933|04564472932|01388347842
04564472931|04564472930|04564472933
04564472930|04564472932
04564472933|04564472932
04564472943|01388347842
03165517868|03165517549|03165517862|03165517873
03165517866|04564509228|03165517862
03165517863|01030111591|03165517879
03165517862|03165517544
03165517884|03165517890|03165517873
03165517877|03165517894|03165517874
03165517879|03165517873|03165517890
03165517873|03165517542
03165517872|03165517888|03165517874
03165517874|03165517553
03165517932|03165517920|03165517942
03165517934|03165517919|03165517928
03165517928|03165517916|03165517920
03165517924|03165517926
03165517926|03165517947
03165517920|03165517912
04366483596|04366496543|04366496333|04366496539
04366483597|04366496539|04366426551
03165517894|03165517888
03165517890|03165517905
03165517916|03165517914|03165517912
03165517919|03165517914
03165517912|03165517909
03165517914|03165517909
03165517909|03165517908
03165517908|04564509214
03165517905|04564509214
04366483782|04366483903
04366516584|04366517087|04366517086
01922217945|01922217999
01922217955|04425236986|04728177673|04728177650
04366483927|04366486943
04366483924|04366426440|04366490631
04366483928|04366426551|04366495141
04366483903|04366426443|04366496336
04425236986|04728177647|04728177649|04728177672
04711047112|04711047111
04711047111|04711047110
04711047104|04711046976
04711047133|04711047138|04427208390|04711047134
04711047132|04711047131|04427139097|04427139094|04711047130
04711047135|04711047136|04427139102|04711047134|04427139100
04711047134|04427139102|04711047137
04711047129|04427139097|04427139091|04711047130|04427139088
04711047131|04711047136|04427139090|04427139100
04711047130|04427139106|04427139090
04711047149|04711047152
04711047148|04711047147
04711047151|04711047152
04711047150|04711047152
04711047145|04711046981|04711046968|04427139105|04711047144
04711047144|04427208405|04427208410|04711047143
04711047147|04711047146
04711047141|04427208405|04711047140|04427208399|04711047142
04711047140|04711047139|04711047138
04711047143|04711047142|04427139106|04427208397
04711047142|04711047139|04427208405
04711047137|04711047139|04711047138|04711047136
04711047136|04427208397
04711047139|04427208397
04711047164|04564449105|04564449099|04564449102|04564448877
04711047167|04728177459|04711047166|04711047168
04711047161|04711047162|04564447487|04564448511
04711047163|04564448492|04564448873|04564448870|04711047162
04711047162|04564448872|04564447476
04711047157|04711047158
04711047159|01073637822
04711047153|04711047154
04711047101|04711047102
04711047100|04711047099
04711047103|04711047102
04711047096|04564449120|04564449112|04564449118
04711047099|04711047098
04711047093|04711047094
04711047092|04564451184
04711047089|04711047090|01077129148
04711047091|01073637946|04711047090|01073637770|01073637826
04711047090|01077128854
04711046988|01030080770
04711046985|01077128858|04563881911|04563881907|04563881918
04711046984|03225988798|01073637764
04711046986|04563881927|04563881925|04563881911|04563881929
04711046981|04711046980|04427208406|04427208405
04711046980|04427208401|04427208400|04711046979
04711046983|03219351760|03226017600
04711046982|03232210339|01073637714
04711046979|04427208405|04427208399
04711046978|01073637931|01073637964|03268295121
04711046972|04427208608|04427208632|04427208578|04711046971
04711046975|04711046974
04711046969|04427208584|04427208637|04711046970|04427208581
04711046968|04427208414|04427208410
04711046971|04427208592|04711046970|04427208584
04711046970|04427208638|04427208632
04711046964|04427139078
04711046967|04427208446|04427208472|04427208459
04711046966|04427139081
04426027006|04426027118|04426027007|04728177488
04426027007|04728177466|04426027008
04366486730|04728507741|04728507747|04366486731|04728507745
04366486731|04366486870|04728507746
04366486734|04366486732|04366487001|04366486735
04366486735|04366487000|04366486733
04366486732|04728507746|04366486733
04366486733|04366486870
03455059298|04563881677|04563881677
03455059301|04563881677|04563881906
03455059302|03455059307|03455059306|04563881907
03455059306|01073637972|01073637968
03455059307|04563881891|04563881678
03165517219|03165517185|01388347833
04366486870|04728507738
03165517240|03165517237
03165517242|03165517463|01030111589
03165517237|04564509271|03165517462
03165517197|03165517188
03165517196|03165517173|04564509271
03165517188|03165517166|03165517201
03165517185|01388347833|01388347855
03165517204|01030111572|03165517202
03165517201|01030111587
03165517202|04564509260
04366487000|04366486941
04366487001|04366496338
03165517173|04564509279|04564509270
04366486943|04366486945
04366486941|04728507738
04366486946|04366486945|04366486944
04366486944|04366496551
04366486945|04366486337|04366486954
04366486950|04366486949
04366486948|04366490965|04366486957|04366486337
04366486949|04366490965
04366486959|04366486957
04366486968|04366487089
04366486969|04366426750
03165517487|03165517493|03165517490
03165517486|03165517473|03165517497|03165517481
03165517481|03165517463
03165517478|04564509312|03165517462
03165517473|03165517463
03165517497|03165517495|03165517499
03165517496|03165517546
03165517499|03165517506
03165517498|03165517490|03165517493
03165517493|03165517507
03165517495|03165517513
04366487155|04366489712|04366487157
04366487157|04728507759
03165517549|03165517534|03165517544
03165517550|04564509228|03165517546
03165517544|03165517527
03165517546|03165517507
03165517542|03165517534|01030111563
03165517553|01030111591|01388347869
03165517513|01388347882|03165517508
03165517512|03165517511|01030111563|03165517527
03165517508|03165517524
03165517534|03165517527
04366487089|04366496572
03165517524|01388347882
03165517523|04564509237|04564509244|04564509242
04366487174|04366490631|04366490313
04366518390|04366518389|04728507753
04366518391|04728507752|04366518396
04366518389|04728507758
04366518396|04728507748|04728507747
04366518291|04366425447
03455058144|01030080667|03455058145
03455058145|01030080819
03455058146|01073637907|01030080819
03455058147|03225988839|03226017838|03225988822
03455058148|03225988831|03165740530
03455058149|03225988827|03226017838|03225988824|03225988823
03455058138|01073637872|01073637962
03455058139|03455058140
03455058141|01030080664|01073637799|01073637774
03455058142|03455058143|01030080746
03455058143|01030080708
04427139105|04427208406|04427208549
04427139106|04427139091|04427208410|04427139090
04427139108|04427139091|04427208433
04427139073|04427139072
04427139072|04427139078
04427139077|04427139078
04427139081|04427139082
04427139080|04427139092|04427139088
04427139087|04427139086|04427139088
04427139092|04427139097|04427139094
04427139095|04427139100|04427139094
04427208641|04427208569|04427208599
04427208608|04427208633|04427208607
04427208609|04427208614|04427208564
04427208614|04427208606
04427208624|04427208486|04427208634
04427208628|04427208489|04427208578|04427208569
04427208631|04427208633|04427208578
04427208632|04427208569
04427208633|04427208634
04427208634|04427208606
04427208637|04427208601|04427208570
04427208638|04427208601
04427208579|04427208559|04427208551
04427208581|04427208413
04427208584|04427208587
04427208587|04427208592|04427208561
04427208592|04427208607
04427208593|04427208606|04427208542
04427208595|04427208597|04427208548
04427208597|04427208564
04427208599|04427208446|04427208601
04427208607|04427208564
04427208544|04427208558|04427208400|04427208406
04427208547|04427208542|04427208555|04427208548|04427208558
04427208548|04427208561
04427208549|04427208551|04427208415
04427208555|04427208558|04427208559
04427208559|04427208561
04427208570|04427208413|04427208446
04427208515|04427208520
04427208516|04427208519|01884455709|04427208390
04427208518|04427208509|04427208519|04427208520|04427208531
04427208519|04427208520
04427208531|04427208532|04427208510
04427208532|04427208509|04427208510
04427208536|04427208537|04427208539
04427208539|04427208404
04427208542|04427208400
04427208484|04427208485|04427208473
04427208485|04427208472|04427208489
04427208486|04427208489
04427208510|04427208404
04427208449|04427208465|04427208459|04427208470|04427208471
04427208465|04427208470
04427208471|04427208472|04427208473
04427208421|04427208423
04427208423|04427208433|04427208424
04427208424|04427208426|04427208425
04427208425|04427208426
04427208426|04427208427
04427208433|04427208442
04427208446|04427208447
04427208400|04427208404
04427208401|04427208404
04427208407|04427208413|04427208414
04427208413|04427208415
04427208414|04427208415
01388347842|01388347837
01388347845|04564504269|01388347874
01388347855|01388347890
01388347869|04564509211|01388347882
04728507735|04366496533
04728507742|04728507741|04728507743|04728507745|04728507739
04728507743|04366490244|04728507744|04728507740
04728507740|04366490248|04728507739
04728507739|04366490254
04728507736|04366490255|04366490256
04728507760|04728507758|04728507759
04728507761|04366490248|04366490307
04728507750|04728507749|04366490243
04728507751|04728507756|04728507749|04728507752
04728507748|04728507749|04728507752|04728507745
04728507749|04728507744
04728507746|04728507747
04728507744|04728507745|04366490243
04728507758|04728507753|04728507757
04728507759|04728507757
04728507756|04728507755|04366490235|04728507754
04728507757|04728507755
04728507754|04728507753|04728507752
04728507755|04728507753|04366490234
03219352361|03225988833|01073637880|01073637970|03225988843
01073637982|01073637936
01073637981|01077129326|01073637885
01073637972|04563881908
01073637970|03226017600|03219351760
01073637968|01073637906
01073637966|01073637762|01073637718|01073637869|01073637824
01073637967|01073637727|01073637950|01073637756|01073637855
01073637964|01073637875|03225988756
01073637950|01073637923
01073637948|01073637718|01030080749|01073637869
01073637946|01077129191
01073637947|01073637921|01073637864
01073637936|01073637751
01073637932|01030080708
01073637933|01073637749|03226017600|03225988843
01073637931|01077129211|03268295121|03232210326
01073637929|01073637737|03232210336
01073637923|01073637756|01073637704
01073637921|01030080705
01073637906|01073637762|01073637824
01073637907|01073637882|01073637873
01073637905|01073637875|01073637819|01073637734|04711047195
01073637902|01030080663|01073637717
01073637901|01073637714
01073637890|01030080770
01073637885|01073637850|02127761725
01073637882|01073637733
01073637875|03226017634
01073637873|01073637733|01073637785
01073637869|01073637866|01030080782
01073637866|01073637762|01030080635
01073637864|01073637727
01073637850|02127761726|01073637822|01073637767
01073637848|01073637819|01073637764|03225988841
01073637836|01030080679
01073637826|01077129191|01077128854|01077128753
01073637824|01073637774|01073637799
01073637820|01030080729|01030080723
01073637821|01073637749|03225988843
01073637819|03226017598
01073637807|01030080772|01073637779
01073637802|01073637797|01073637704|02127761725|01073637756
01073637803|03226017901|01030080641|01073637703|01073637785
01073637797|01073637767|01073637727
01073637788|01073637764|01073637722|01073637766
01073637785|01030080749
01073637782|01073637751
01073637778|01073637704
01073637779|01073637737
01073637774|01073637718|01030080688
01073637766|03225988842
01073637767|02127761725
01073637764|03225988842
01073637749|01073637722
01073637734|03225988751|03226017634
01073637733|03219351759|03226017901
01073637718|01030080641
01073637717|01030080811
01073637714|03232210336
01073637703|01030080688
03219351745|03219351750|01077129049
03219351750|03232210296
03219351759|03219351760
03219351741|03268295127|03268295149|03268295128
03232208855|03232208852|03232208857|03232210067
03232208854|03232208853|03232208856|03232210072
03232208853|03232208850|03232210071
03232208852|03232208851|03232210066
03232208851|03232210061
03232208850|03232210070
03232208859|03232208856|03232210074
03232208858|03232208857|03232210080
03232208857|03232210079
03232208856|03232210073
04426027086|04426027085|04426027088
04426027087|04426027088|04728177591|04426027085
04426027084|04728177594|04426027083|04728177487
04426027085|01456255230
04426027083|04728177595|04426027122
04426027080|04426027079|04426027078|04426027077
04426027078|04426027090|04728177596
04426027079|04426027075|04728177596
04426027076|04426027077|04426027056
04426027077|04426027075
04426027103|04426027104|04728177476|04426027105|04426027095
04426027098|04728177474
04426027095|04426027026|04728177478|04728177480
04426027092|04728177597|04426027090|04728177598
04426027090|04728177595
04426027091|04728177597|04728177596|04728177599
04426027088|04728177599
04426027089|04728177590|04728177483|04426027009
04426027118|04728177466|04426027119
04426027119|04728177487
04426027114|04426027110|04426027014
04426027112|04426027113|04728177466
04426027113|04426027110|04426027111
04426027111|04426027014|04426027008
04426027109|04426027020|04728177469|04426027024
04426027106|04728177472|04426027107|04728177473
04426027107|04426027038|04728177468
04426027104|04426027026
04426027105|04728177471|04728177469
04426027122|04426027056
04426027020|04426027014|04426027025
04426027021|04426027051|04426027029|04426027015
04426027017|04728177480|04728177485|04426027025
04426027015|04728177484|04426027009
04426027008|04728177486
04426027009|01456255271
04426027038|04426027044|04728177468
04426027037|04426027034|04426027042
04426027034|04426027031|04728177468
04426027035|04426027031|04426027024|04728177469
04426027032|04426027048|04426027045|04426027029
04426027031|04728177470
04426027029|04426027049
04426027026|04426027025
04426027052|04728177481|04728177479|04426027047
04426027050|04426027051|04426027057|04426027049
04426027051|04728177482
04426027048|04426027049|04426027046
04426027046|04426027047|04728177475
04426027047|04426027057
04426027044|04728177470|04728177472
04426027045|04728177475|04426027042
04426027042|04728177468
04426027067|04728177591|04728177590|01456255271
04426027056|04728177595
04426027057|04728177482
04366490630|04366490255|04366490631|04366490274
04366490845|04366490313|04366496554
03015666545|01030111584|01030111578
04366490965|04366490314
04366425447|04366490427
04728177619|04728177618|04728177613|04728177615|04728177621
04728177618|04728177617|04728177620
04728177617|04728177606|04728177616|04728177607
04728177616|04425447011
04728177623|04728177624|04728177628|04728177610
04728177622|04728177626|04728177621|04728177613|04728177639
04728177621|04728177620|04728177640
04728177620|04728177607|04728177642
04728177627|04728177626|04728177628|04728177624|04728177639
04728177626|04425446880|04728177625
04728177625|04425447003|04728177611|04728177624
04728177631|04728177600|04728177651
04728177630|04728177629|04728177636
04728177629|04728177628|04728177637
04728177628|04728177638
04728177602|04728177669|04728177647
04728177601|04728177646|04728177600|04728177634|04728177649
04728177600|04728177650|04728177633
04728177607|04728177665|04728177641
04728177606|04728177604|04425447011|04728177665
04728177605|04425447011|04728177604
04728177604|04728177664
04728177611|04425446880|04425447003|04425447008
04728177610|04728177609
04728177615|04728177614
04728177614|04728177612|04728177613
04728177613|04425446880
04728177612|04425447008|04425446880
04728177651|04728177650
04728177650|04728177649
04728177649|04728177648
04728177648|04728177646|04728177647
04728177655|04728177656|04728177674
04728177654|04728177656|04728177653
04728177652|04728177661|04728177668|04728177666|04728177670
04728177659|04728177671|04728177658|04728177660
04728177658|04728177657|04728177672
04728177663|04728177664|04425446994|04728177662
04728177662|04728177666|04425447020|04728177661
04728177661|04425447019
04728177660|04728177670
04728177635|04728177646|04728177636|04728177634
04728177634|04728177633
04728177633|04728177632
04728177639|04728177640|04728177638
04728177638|04728177643|04728177637
04728177637|04728177644|04728177636
04728177636|04728177645
04728177643|04728177640|04728177644
04728177642|04728177640|04728177641
04728177641|04728177667
04728177647|04728177676
04728177646|04728177645
04728177645|04728177644
04728177644|04728177678
04366425601|04366426545
04728177591|04728177599|04728177592
04728177590|04728177592|04728177589
04728177589|04728177593|04728177483|04728177488
04728177595|04728177594
04728177594|04728177598|04728177593
04728177593|04728177487|04728177592
04728177592|04728177598
04728177599|04728177598
04728177488|04728177487|04728177486
04728177475|04728177479|04728177474
04728177474|04728177467|04728177473
04728177473|04728177477
04728177472|04728177471|04728177477
04728177479|04728177480|04728177478
04728177478|04728177467|04728177476
04728177477|04728177476|04728177467
04728177476|04728177471
04728177483|04728177484|04728177486
04728177482|04728177484|04728177481
04728177481|04728177485|04728177480
04728177486|04728177485
04728177485|04728177484
04728177459|04728177460
04728177462|04425447053|04425447048
04728177461|04728177668
04728177465|04425447041|04425447040|04425447027|04425447024
04728177464|04425447003
04728177471|04728177470
04728177470|04728177469
04366426096|04366426423|04366424069
03232210086|03232210119|03232210093|03232210084
03232210084|03232210120|03232210125
03232210083|03232210103|03232210125|03232210081
03232210081|03232210102|03232210096
03232210080|03232210079|03232210069
03232210093|03232210096
03232210103|03232210102|03232210104
03232210102|03232210116
03232210101|01077129121|03232210140|03232210100|03232210142
03232210100|03711316157|03232210139|03711316160
03232210096|03232210113
03232210107|03232210114|03232210105|03232210106
03232210106|03232210105|03232210116
03232210104|03232210124
03232210063|03232210061|03232210065
03232210071|03232210070|03232210072|03232210066
03232210070|03232210065
03232210069|03232210075|03232210068|03232210074
03232210068|03232210067|03232210079|03232210073
03232210067|03232210066|03232210072
03232210066|03232210065
03232210078|03232210076|01077129121|03232210077
03232210077|03232210074|03232210142|03232210075
03232210076|03165740531|03232210075
03232210075|03232210332
03232210074|03232210073
03232210073|03232210072
03232210151|03232210152|03232210143|03232210148
03232210150|03232210293|03226017803|03232210292
03232210149|03232210293|03232210148|03232210145|03232210152
03232210148|03232210146
03232210146|03232210145|03226017802
03232210145|03226017803
04366424069|04366492461
04564470871|04564470885
03232210144|03232210152|03232210273|03232210143
03232210158|03232210290|03232210281|03232210280|03232210268|03232210154
03232210154|03232210288|03232210289|03232210283|03232210268
03232210153|03232210152|03232210292|03232210273
03232210119|03232210120|03232210117|03232210139
03232210117|03232210112|03232210113
03232210116|03232210113
03232210114|03232210113|03232210112
03232210127|03232210128|03232210124|03232210129
03232210126|03232210125|03232210131|03232210133
03232210123|03232210141|03232210140|03232210137
03232210121|03232210120|03232210135|03232210137
03232210120|03232210140
03232210135|03232210136|03232210133
03232210134|03232210136|03232210132|03232210133
03232210132|03232210130|03232210131
03232210131|03232210129
03232210130|03232210128|03232210129
03232210143|03232210276
03232210142|03232210141
03232210141|03232210138
03232210140|03232210139
03232210138|03232210136|03232210137
03232210339|03232210335|03232210338
03232210338|03232210337
03232210337|01077128858|03232210335
03232210311|03232210309|03232210310|03226017795
03232210310|03232210309|03232210308
03232210309|03232210307
03232210308|03232210307|03232210305
03232210307|03232210306
03232210306|03232210304|03232210305
03232210305|03226017798
03232210304|03232210302
03232210326|03232210297|03226017799
03232210323|03232210322|03232210303|03232210302
03232210322|03232210321|03232210301|03232210300
03232210321|03232210320|03226017799|03232210299
03232210320|03232210298|03232210297
03232210335|04563881908
03232210332|03232210297
04366424370|04366492461
03232210278|03232210291|03232210282
03232210276|03232210280|03232210281
03232210275|03232210286|03232210287
03232210274|03232210285|03232210287
03232210273|03232210280
03232210287|03232210288
03232210286|03232210288|03232210284
03232210285|03232210288|03232210283
03232210284|03232210289|03232210282
03232210283|03232210281
03232210282|03232210290
03232210280|03232210291
04728177667|04728177666|04728177665|04728177668
04728177666|04728177664
03232210293|03232210292
04728177665|04728177664
03232210292|03232210291
03232210291|03232210290
04728177671|04728177676|04728177670|04728177672
03232210290|03232210289
04728177670|04728177669
04728177669|04728177668|04728177676
03232210303|03232210301|03226017798
04728177675|04728177673|04728177674
03232210302|03232210300
04728177673|04728177672
03232210301|03226017799
03232210300|03232210299
03232210299|03232210298
04728177678|04728177677
03232210296|01077128955|03226017647
04366490234|04366490235
04366490307|04366490254|04366490255|04366490274
04366490314|04366490312
04563881655|04711047195|01077129211
04563881658|03226017780
04563881657|03226017636|03225988756|03165740531
04564504273|04564509189|04564509207|04564509209
04366490243|04366490244
04564504272|04564509199|04564509207
04366490246|04366490248
04564504277|04564504269|04564509211
04564504279|04564509213
04564504278|04564504282
04563881678|04563881899|04563881906
04564504280|04564504283|04564504282
04366490248|04366490254
04564504283|04564509195
04564504282|04564504269
04564504285|04564509213
04366490255|04366490253
04564504286|04564509196|04564504288
04366490257|04366426427|04366490274
04563881688|04563881898|04563881891|04563881898
03226017609|03225988750|03226017606|03226017637|03225988758
03226017606|03225988765|03225988768
03226017631|03225988753|03226017791|03226017632
03226017647|03226017650
03226017633|03226017635|03225988760|03226017634|03226017632
03226017632|03225988753|03225988755
03226017635|03226017636|03225988756|03225988755
03226017634|03225988756
03226017637|03225988762|03226017636
03226017636|03225988758
03226017648|03226017653|03226017650
03226017651|03226017837|03226017650|03226017650|03226017837
03226017653|03226017652|01077128846|03226017652
03226017652|03226017837|03225988808
03226017599|03225988840
03226017598|03225988841|03225988751
04563881898|04563881899
04563881899|04563881906
04563881911|04563881912
04563881908|04563881907
04563881909|04563881937|04563881931
03226017789|03226017791|03226017782|03226017782
03226017791|03225988760
04563881918|04563881920|04563881912
03226017779|03226017778|03225988835
03226017778|03225988821
03226017781|03226017780|03225988824|03225988806
04563881915|04563881925|04563881912
04563881927|04563881932
04563881925|04563881928
04563881920|01077128858
04563881932|04563881939|04563881931
04563881930|04563881931|04563881970|04563881928
04563881931|04563881929
04563881928|04563881929
04563881939|04563881962|04563881937
04563881937|04563881963
04563881958|04563881952|04563881964|04563881963
04563881956|04563881972
04563881952|04563881972|04563881962
04563881964|04563881974|04563881970
04563881962|04563881963
04563881974|04563881972
03226017803|03226017804
03226017802|03711316160
03226017804|01077128955|01077129049
03226017793|03226017795|03226017792
03226017795|03226017794
03226017835|03268295128|03226017836
03226017837|03226017839|03225988823
03226017836|03225988825|03225988830
03226017839|03225988825|03226017838
03226017838|03225988825
04564447439|04564447441
04564447454|04564448876|04564448877
04564447455|04564448870|04564448876
04564447450|04564448489|04564447461
04564447448|04564447449
04564447449|04564447446
04564447442|04564447441
04564447467|04564447479|04564448840|04564447460
04564447463|04564448872|04564447460|04564447461
04564447460|04564447476
04564447461|01030080588
04564447487|04564448496|04564448492
04564447479|04564447475
04564447476|04564447475
04564447474|04564448508|04564448496|04564448840
04564447475|04564448511
03165740529|03165740530|03165740525
03165740531|03268295121
03165740530|03225988830
03165740519|03165740525|03165740518|01030080690
03165740518|03165740522|01030080690
03165740522|03225988839|03225988822|03165740527
03165740525|03165740527
04564448490|04564448873|04564449091|04564448489
04564448489|04564448872
04564448510|04564448538|04564448815|04564448527
04564448511|04564448512
04564448508|04564448587|04564448523
04564448496|04564448514
04564448527|04711047176|04564448529
04564448523|04564448528|04564448531
04366426443|04366496567|04366496341|04366496337
04564448514|04564448512|04564448512
04564448540|04564448803|04564448813|01030080779
04564448538|04564448808
04564448535|04564448585|04564448805|04564448815
04564448531|04564448529
04564448528|04711047176|04564448529|04711047176
04564448547|04564448545
04564448545|04564448580|04564448586
04564448586|04711047172|04564448585
04564448587|04564448791|04711047172
04564448585|04711047172
04564448580|04564448581|04711047173
04564448581|04564448791|04711047172
04366426423|04366426551
04366426426|04366426558|04366426545
04366426558|04366426750
04564448791|04711047173
04564448815|04711047176
04564448812|04564448811|04564448804|04564448803
04564448813|01030080837
04564448810|04564448804|04564448808|04564448805
04564448811|04564448809|01030080837
04564448808|04564448817
04564448809|04564448804|04564448816
04366426731|04366400388
04564448805|04564448803
04564448800|04711047171|04564448801
04564448801|04711047171|04711047173
04564448830|04564448828|04564448834|01030080715
04564448831|04564448829|04564448832|01030080665
01456255230|01456255271
04564448828|04564448833|04564448823
04564448829|01030080837|04564448833
04564448827|04564448859|04711047174|04564448824
04564448824|04564448823|04564448817
04564448823|01030080715|04564448816
04564448816|04564448817
04564448846|04564448861|04564448839|04564448844|04564448840
04564448844|04564448859|04564448858
04564448839|04564448859
04564448837|04711047175|01030080588|01030080732
04564448834|04711047175|01030080732
04564448832|04564448833|01030080732
04564448862|04564448866|04564448869|04564448861
04564448861|04564448858
04564448858|04564448866
04564448879|04564449104|04564449093|04564449102
04564448876|04564448875
04564448877|04564448871
04564448874|04564448873|04564448871|04564448875
04564448875|04564448870
04564448871|04564448880
04564448869|04564448867|04564448867
04564448866|04564448867
04564448882|04564449111|04564449118
04564448880|04564449099|04564449091
04564449102|04564449103|04564449093
04564449103|04564449105|04564449104
04564449099|04564449093
04564449093|04564449091
04564449118|04564449117
04564449117|04564449111|04564449112
04564449112|04564449110
04564449111|04564449109
04564449109|04564449106|04564449105
04564449106|04564449104
01456255248|01456255268
03794864709|03794868076
04366495140|04366496301|04366495251
04366495141|04366496542|04366496552
04366495251|04366496302|04366496528
03711316158|03711316157|03711316159
03711316159|01077128955
03711316157|01077129121
01077128753|01077128789
01077128752|01077129128|01077128921|01077129071|01077129018
01077128760|01077128875|01077129362
01077128818|01077129162|01077128850|01077128784
01077128829|04711047183
01077128789|01077128854|01077129139
01077128770|01077129018|01077129128|01077129036
03225988808|03225988806|03225988812
03225988812|03225988796|03225988807
03225988802|03225988803
03225988806|03225988827
03225988824|03225988821
03225988825|03225988822
03225988830|03225988831
03225988840|04711047195
03225988841|03225988799|03225988842
01077128850|01077129302|01077129237
03225988843|03225988833
01077128854|01077129148
03225988833|03225988834
03225988834|03225988835
03225988835|03225988837
03225988837|03225988839
01077128833|01077129071|01077129326|01077129128
01077128846|01077128938
03225988749|03225988750|03225988758|03225988755
03225988750|03225988754
03225988751|03225988760
03225988762|03225988769
03225988765|03225988767|03225988769
03225988767|03225988768
01077128938|01077129415
03225988753|03225988754
03225988754|03225988755
03225988794|03225988798
03225988796|03225988799
01077129018|01077129078|01077129342
01077128981|01077129148
01077128960|01077129036|01077129302|01077129237
01077128971|01030080724
04564451180|04564451170
01077129044|01077129419
04564451170|04711047170
04564451186|04564451185
04564451184|04564451185
01077129036|01077129342
01077129139|01077129148
02127761728|02127761726
01077129193|01077129419
01077129254|01077129295|01030080724
01077129234|04711047185
01077129237|01077129342
01077129362|04711047185
01077129419|03268295158
04425447047|04425447054|04425447062|04425447045
04425447046|04425447053|04425447054|04425447048
04425447045|04425447043|04425447029
04425447043|04425447031
04425447042|04425447041|04425447029|04425447039
04425447041|04425447038|04425447028
04425447040|04425447027|04425447021
04425447054|04425447056
04425447053|04425447056
04425447062|04425447056
04425446991|04425447016|04425446887
04425446994|04425447018|04425446992
04425446992|04425447015|04425446888
04425447015|04425446887
04425447021|04425447024
04425447020|04425447019|04425446888
04425447018|04425446887
04425447031|04425447028
04425447029|04425447028
04425447028|04425447024
04425447039|04425447038|04425447033
04425447038|04425447033
04564509201|04564509200|04564509199|04564509190
04564509200|04564509206|04564509190
04564509206|04564509208
04564509208|04564509195
04564509211|04564509213
04564509195|04564509196
04564509237|04564509242
04564509242|04564509228
04564509267|04564509268|04564509259|04564509270
04564509266|04564509260|04564509268
04564509279|04564509304
04564509259|04564509260
04564509312|04564509314
01030080840|01030080598|01030080590|01030080754
01030080805|01030080669|01030080741|01030080645|01030080621
01030080807|01030080799
01030080811|01030080663|01030080593
01030080821|01030080782|01030080670
01030080823|01030080669|01030080716|01030080637|01030080621
01030080819|01030080690
01030080772|01030080794
01030080768|01030080731|01030080662
01030080770|01030080593
01030080780|01030080754|01030080705
01030080782|01030080635
01030080776|01030080742|01030080716|01030080749
01030080779|01030080691
01030080799|01030080643|01030080792
01030080794|01030080679|01030080723
01030080621|01030080681|01030080628
01030080619|01030080663
01030080628|01030080741|01030080670
01030080627|01030080645|01030080738|01030080669
01030080637|01030080746
01030080588|01030080710
01030080591|01030080724|01030080643
01030080598|01030080665|01030080645
01030080741|01030080705
01030080742|01030080681
01030080738|01030080691
01030080749|01030080641
01030080767|01030080667
01030080763|01030080723|01030080729|01030080679
01030080705|01030080645
01030080716|01030080681
01030080715|04711047174
01030080724|01030080662
01030080729|01030080670
01030080730|01030080690
01030080688|01030080641|01030080664
04366496330|04366496537
04366496335|04366496332|04366496336|04366496541
04366496333|04366496543|04366496541
04366496338|04366496551
04366496336|04366496558
04366496337|04366496559
04366496341|04366496346|04366496558
04366496346|04366496349|04366496345
04366496344|04366496569|04366496556|04366496345
04366496345|04366496541|04366496558
04366496350|04366496569|04366496556
04366496351|04366496575|04366496349|04366496353
04366496349|04366496567
04366496354|04366496559|04366496572
04366496353|04366496572|04366496575
04366496297|04366496518
04366496302|04366496301
04366496301|04366496518
04366496304|04366496528
04366496539|04366496542
04366496542|04366496543
04366496543|04366496556
04366496554|04366496553
04366496555|04366496557|04366496553
04366496552|04366496556
04366496559|04366496557
04366496567|04366496572
04366496571|04366496569
04711047181|04711047180|04711047182
04711047180|04711047177|04711047179
04711047179|04711047178
04711047173|04711047171
04711047175|04711047174
04711047189|04711047190
04711047185|04711047186|04711047184
03268295134|03268295133|03268295143
03268295135|03268295141|03268295138|03268295130|03268295132
03268295132|03268295133|03268295131
03268295133|03268295138|03268295143
03268295130|03268295137|03268295142
03268295131|03268295141
03268295128|03268295127
03268295129|03268295123
03268295127|03268295123
03268295142|03268295139
03268295138|03268295137
03268295139|03268295137
03268295158|03268295152
01030111591|01030111563
01030111589|01030111578
01030111587|01030111584
01030111584|01030111562|01030111578
01030111562|01030111563
03167961395|03167961400
03167961392|03167961379|03167961400
03167961385|03167961384
